<?xml version="1.0"?>
<opencv_storage>
<calibration_Time>"Fri Nov  7 15:54:53 2014"</calibration_Time>
<nrOfFrames>25</nrOfFrames>
<image_Width>640</image_Width>
<image_Height>480</image_Height>
<board_Width>9</board_Width>
<board_Height>6</board_Height>
<square_Size>50.</square_Size>
<FixAspectRatio>1.</FixAspectRatio>
<!-- flags:  +fix_aspectRatio +fix_principal_point +zero_tangent_dist -->
<flagValue>14</flagValue>
<Camera_Matrix type_id="opencv-matrix">
  <rows>3</rows>
  <cols>3</cols>
  <dt>d</dt>
  <data>
    5.1548180088919651e+02 0. 3.1950000000000000e+02 0.
    5.1548180088919651e+02 2.3950000000000000e+02 0. 0. 1.</data></Camera_Matrix>
<Distortion_Coefficients type_id="opencv-matrix">
  <rows>5</rows>
  <cols>1</cols>
  <dt>d</dt>
  <data>
    -1.3642192695712368e-01 5.6404359662272019e-01 0. 0.
    -6.7177505721345065e-01</data></Distortion_Coefficients>
<Avg_Reprojection_Error>1.6436837562280835e+00</Avg_Reprojection_Error>
<Per_View_Reprojection_Errors type_id="opencv-matrix">
  <rows>25</rows>
  <cols>1</cols>
  <dt>f</dt>
  <data>
    2.33109802e-01 2.66862690e-01 2.30200887e-01 2.46875495e-01
    3.14978302e-01 3.52041721e-01 4.62465882e-01 4.91736501e-01
    4.85445201e-01 1.67554796e+00 3.17364526e+00 3.25573564e+00
    3.47088003e+00 3.39780974e+00 3.33352041e+00 2.58294272e+00
    7.12884963e-01 3.37785810e-01 2.47721300e-01 2.29350001e-01
    3.26255649e-01 2.98900485e-01 3.78708720e-01 4.14092660e-01
    5.34893155e-01</data></Per_View_Reprojection_Errors>
<!-- a set of 6-tuples (rotation vector + translation vector) for each view -->
<Extrinsic_Parameters type_id="opencv-matrix">
  <rows>25</rows>
  <cols>6</cols>
  <dt>d</dt>
  <data>
    1.0346451805322497e-01 -1.1143351113879815e-01
    -3.1264662947176198e+00 3.6719707081425855e+02
    6.3198830494892725e+01 8.4674825544195244e+02 1.1941596888776444e-01
    -1.4281652738526721e-01 -3.1274739304107309e+00
    3.7224050471817992e+02 6.0092340811816200e+01 8.5013630947201978e+02
    1.2287875957274545e-01 -8.5939191397364126e-02
    -3.1251169801763856e+00 3.7647978238261783e+02
    6.8818079606512285e+01 8.6876217959562530e+02 1.1749263822471072e-01
    -1.1786773765767367e-01 -3.1177574547989497e+00
    3.7849406835475185e+02 7.5283245113083851e+01 8.6097584661193946e+02
    1.5141071771660636e-01 -1.8425781055835388e-01
    -3.1194735277088839e+00 3.8778249646415782e+02
    7.4121098647660716e+01 8.5490025840737871e+02
    -2.6732970981029203e-01 2.9897885007608915e-01
    3.0256758688509553e+00 4.3333896959225746e+02 3.7874755805117111e+01
    8.6445061935111937e+02 -4.9552598120195729e-01
    3.2597636107807432e-01 3.0528691914701893e+00 4.2664512489635030e+02
    5.7353060327574049e+01 9.0517713324013698e+02
    -7.9400316207088151e-01 3.5131645600675737e-01
    3.0145993448816939e+00 4.2039538204539650e+02 6.3918274654646559e+01
    9.6538215201786022e+02 -9.2752801959055486e-01
    3.7315714961673613e-01 2.9608281843688102e+00 4.2297686276933973e+02
    6.4128460300034078e+01 9.9081694162507347e+02
    -9.9128815719700625e-01 3.8316018895127207e-01
    2.9273316148863473e+00 4.2377872704804696e+02 6.4435408817005197e+01
    1.0015141880313373e+03 1.0735236215868804e+00
    -3.5509223492045072e-01 -2.9241392211515169e+00
    4.0207034850858633e+02 7.0578689799939198e+01 1.0167439315566974e+03
    1.1217271143561627e+00 -2.6237346888736790e-01
    -2.8515220031866231e+00 3.5802209764493210e+02
    7.5666404423369116e+01 1.0454512480086109e+03 1.1727876060047893e+00
    -1.9176976841318449e-01 -2.8065781629600153e+00
    3.3634413114954771e+02 8.3304581237318175e+01 1.0789967961451500e+03
    1.1795779755246110e+00 -1.6854508295906148e-01
    -2.8149677953693728e+00 3.3331757225342585e+02
    8.3737744201936806e+01 1.0859124854507165e+03 1.1472936506495286e+00
    -1.4616502201487960e-01 -2.8172876238011919e+00
    3.3094718652645923e+02 8.6891370776094305e+01 1.0869161620835960e+03
    1.1395357357064289e+00 -1.4479030193201434e-01
    -2.8458638817468724e+00 3.3517080435047478e+02
    8.1426631053361064e+01 1.0843106300642276e+03 1.0665608048108683e+00
    -1.2906331942221752e-01 -2.9003436803195770e+00
    3.5080961479142064e+02 7.3843688383456595e+01 1.0849082247015695e+03
    -5.4870403868986783e-01 1.8687684156542825e-01
    3.0285694971575001e+00 4.1840431853289766e+02 5.9478682562051823e+01
    1.0068217062278781e+03 5.4166613849973755e-01 1.1189473602946015e-01
    3.0336346680030046e+00 3.7962175256786134e+02 3.8711241881345863e+01
    8.2113546956689402e+02 8.2084038999999387e-01 2.7765332552237604e-01
    2.9995954195959271e+00 3.4259502536339176e+02 3.2573462327434612e+01
    7.5499074033908857e+02 1.1629100543964048e+00 1.0858362604811379e-01
    2.8794860532278381e+00 3.1733969980511426e+02 3.5514741162219295e+01
    7.6983144355159982e+02 1.3437479809454411e+00 1.3039445026499705e-01
    2.7394779519724604e+00 3.1280665521364847e+02 2.7102150897855164e+01
    7.4825049309326721e+02 1.4821875318250093e+00 1.4239704250157634e-01
    2.6266598634306817e+00 2.9820166418304888e+02 2.0928852091623050e+01
    7.3159950918013146e+02 1.4263980189783032e+00 1.1079621071499829e-01
    2.6281115681176890e+00 3.0710768633883521e+02 2.4209006115308320e+01
    7.3550895775337551e+02 1.0772577517641155e+00 1.7897940546156021e-01
    2.9242496476611302e+00 3.2235838736879066e+02 5.3501700432880021e+01
    7.8795969066196233e+02</data></Extrinsic_Parameters>
