<?xml version="1.0"?>
<opencv_storage>
<calibration_Time>"Fri Nov  7 05:29:23 2014"</calibration_Time>
<nrOfFrames>25</nrOfFrames>
<image_Width>640</image_Width>
<image_Height>480</image_Height>
<board_Width>9</board_Width>
<board_Height>6</board_Height>
<square_Size>50.</square_Size>
<FixAspectRatio>1.</FixAspectRatio>
<!-- flags:  +fix_aspectRatio +fix_principal_point +zero_tangent_dist -->
<flagValue>14</flagValue>
<Camera_Matrix type_id="opencv-matrix">
  <rows>3</rows>
  <cols>3</cols>
  <dt>d</dt>
  <data>
    1.2902319238980417e+03 0. 3.1950000000000000e+02 0.
    1.2902319238980417e+03 2.3950000000000000e+02 0. 0. 1.</data></Camera_Matrix>
<Distortion_Coefficients type_id="opencv-matrix">
  <rows>5</rows>
  <cols>1</cols>
  <dt>d</dt>
  <data>
    -2.7579309160933824e-01 -2.7117868689331184e+00 0. 0.
    1.2309389551483893e+02</data></Distortion_Coefficients>
<Avg_Reprojection_Error>1.9439445942832029e-01</Avg_Reprojection_Error>
<Per_View_Reprojection_Errors type_id="opencv-matrix">
  <rows>25</rows>
  <cols>1</cols>
  <dt>f</dt>
  <data>
    4.42772239e-01 3.76514703e-01 1.99748427e-01 1.82428554e-01
    1.53952971e-01 1.70904234e-01 1.68473363e-01 1.58988252e-01
    1.44613996e-01 1.54778406e-01 1.53747246e-01 1.34929225e-01
    1.63257226e-01 1.64894268e-01 1.58493266e-01 1.46880031e-01
    1.59991741e-01 1.63891554e-01 1.66478753e-01 1.63775027e-01
    1.69276521e-01 1.64947942e-01 1.70828879e-01 1.59658968e-01
    1.49626121e-01</data></Per_View_Reprojection_Errors>
<!-- a set of 6-tuples (rotation vector + translation vector) for each view -->
<Extrinsic_Parameters type_id="opencv-matrix">
  <rows>25</rows>
  <cols>6</cols>
  <dt>d</dt>
  <data>
    -3.1317051007366192e-01 1.0085956766107701e-01
    2.9820691986023253e+00 2.4167926453368085e+02
    -2.0212568287675899e+02 2.6082655810962674e+03
    -2.8913856516938569e-01 1.1843843572404222e-01
    3.0279415337792308e+00 2.4253444697825506e+02
    -1.3586344942188163e+02 2.6091710701309544e+03
    9.3449330258341901e-02 -1.2157839791415387e-01
    -3.0406194352764473e+00 2.0604250595480033e+02
    1.3345733134055988e+02 2.5634874026226007e+03 7.8815668601950717e-02
    -1.2031840381959155e-01 -3.0304485154629472e+00
    1.9884644285146317e+02 1.4818149228382751e+02 2.5790104612865293e+03
    7.1084624657427806e-02 -1.0842206107542904e-01
    -3.0270757459252664e+00 1.9642599276318202e+02
    1.5082825965215920e+02 2.5868608351856024e+03 7.7558372263232186e-02
    -1.0057518359523655e-01 -3.0261146256993645e+00
    1.9502472881216744e+02 1.4939437095065071e+02 2.5951877323659942e+03
    6.2414243381998483e-02 -1.1420948163998368e-01
    -3.0283642756975739e+00 1.9650463024419082e+02
    1.4743639373190581e+02 2.5858185895792103e+03 5.3569153576533565e-02
    -1.0750713199557491e-01 -3.0306279925682307e+00
    1.9780837356072544e+02 1.4649474257338579e+02 2.5794755958813689e+03
    4.8796371779532562e-02 -1.0100720375372384e-01
    -3.0306627723285153e+00 1.9650464841629289e+02
    1.4582731704073663e+02 2.5828196603199431e+03 4.2598884715600874e-02
    -1.1333876459915956e-01 -3.0289656052675058e+00
    1.9618637963472261e+02 1.4692795356591944e+02 2.5759721620879955e+03
    3.4126156707134016e-02 -1.1474878791176765e-01
    -3.0279656693658397e+00 1.9665259817681857e+02
    1.4657642753850681e+02 2.5681525163295510e+03 2.4050493648978464e-02
    -9.3139113824485753e-02 -3.0294119586410582e+00
    1.9558429360577162e+02 1.4598513581915040e+02 2.5726523644161139e+03
    4.5248085391869877e-02 -1.1375416787121249e-01
    -3.0280273479371522e+00 1.9399282582841013e+02
    1.4543679822258298e+02 2.5805795044848551e+03 2.0643668248250473e-02
    -1.1308719840661778e-01 -3.0250429874117608e+00
    1.9121269472074260e+02 1.4806202583168812e+02 2.5710674393537638e+03
    2.7593201875000677e-02 -1.0158998503846428e-01
    -3.0278566185574900e+00 1.9244201858990812e+02
    1.4587183993458612e+02 2.5766397958598513e+03 2.7716432262249596e-02
    -1.2060553450387777e-01 -3.0251194954194678e+00
    1.9165218430219284e+02 1.4834089307709871e+02 2.5705983399406905e+03
    2.0208596292670605e-02 -1.0550785943453944e-01
    -3.0284906151223794e+00 1.9371531655166788e+02
    1.4454503992875567e+02 2.5711208466447051e+03 2.1067111089598071e-02
    -1.0986100725021664e-01 -3.0262275783010724e+00
    1.9230845207410175e+02 1.4558647951484724e+02 2.5694012563532174e+03
    9.1934275603738139e-03 -1.0056264643588848e-01
    -3.0264004909444391e+00 1.9230030182582379e+02
    1.4568722754636099e+02 2.5645636305252947e+03 1.9214574905250692e-02
    -1.1477780468148417e-01 -3.0220758320777414e+00
    1.9157859134991665e+02 1.4972813737503697e+02 2.5643363823536474e+03
    1.4208261023263943e-02 -1.2468195831567251e-01
    -3.0227097594903358e+00 1.9271211059064103e+02
    1.4902230923124216e+02 2.5604252192386630e+03 1.9453010251735375e-02
    -1.1699210986752878e-01 -3.0237852896221131e+00
    1.9236246075859600e+02 1.4674386134890818e+02 2.5628979510784034e+03
    1.7903158237083588e-02 -1.1117302680024892e-01
    -3.0210439999967988e+00 1.9119354133171555e+02
    1.4986202040318381e+02 2.5575776027749885e+03 8.8784814878639358e-04
    -1.2410797449323180e-01 -3.0203680052744599e+00
    1.9131578419717184e+02 1.5055327576349268e+02 2.5484053285526343e+03
    5.7931895792873592e-03 -1.1043101182983543e-01
    -3.0181905622637442e+00 1.8938413471859286e+02
    1.5287992585308663e+02 2.5553265043990023e+03</data></Extrinsic_Parameters>
